Rg = -99.3906 Rd = -100 A = 0.548439째            D = 2.7525cm
Rg = -99.3906 Rd = -100 A = 0.548439째            D = 2.71852cm
Rg = -99.1198 Rd = -100 A = 0.792187째            D = 2.7525cm
Rg = -98.7812 Rd = -100 A = 1.09687째            D = 2.78734cm
